0.0 0.30324074074074076 0.30092592592592593 0.3229166666666667 0.5625 0.4618055555555556 0.5636574074074074 0.6087962962962963 0.6377314814814815 0.6458333333333334
0.30324074074074076 0.0 0.4444444444444444 0.4976851851851852 0.48148148148148145 0.2951388888888889 0.4675925925925926 0.5706018518518519 0.5775462962962963 0.5625
0.30092592592592593 0.4444444444444444 0.0 0.4699074074074074 0.6041666666666666 0.5416666666666666 0.5995370370370371 0.6388888888888888 0.6469907407407407 0.6712962962962963
0.3229166666666667 0.4976851851851852 0.4699074074074074 0.0 0.6076388888888888 0.5648148148148148 0.5960648148148148 0.6261574074074074 0.6793981481481481 0.6608796296296297
0.5625 0.48148148148148145 0.6041666666666666 0.6076388888888888 0.0 0.31712962962962965 0.4837962962962963 0.32407407407407407 0.32060185185185186 0.5717592592592593
0.4618055555555556 0.2951388888888889 0.5416666666666666 0.5648148148148148 0.31712962962962965 0.0 0.3113425925925926 0.4722222222222222 0.4965277777777778 0.4837962962962963
0.5636574074074074 0.4675925925925926 0.5995370370370371 0.5960648148148148 0.4837962962962963 0.3113425925925926 0.0 0.5474537037037037 0.6145833333333334 0.33449074074074076
0.6087962962962963 0.5706018518518519 0.6388888888888888 0.6261574074074074 0.32407407407407407 0.4722222222222222 0.5474537037037037 0.0 0.5 0.6296296296296297
0.6377314814814815 0.5775462962962963 0.6469907407407407 0.6793981481481481 0.32060185185185186 0.4965277777777778 0.6145833333333334 0.5 0.0 0.6678240740740741
0.6458333333333334 0.5625 0.6712962962962963 0.6608796296296297 0.5717592592592593 0.4837962962962963 0.33449074074074076 0.6296296296296297 0.6678240740740741 0.0
